{
 "cells": [
  {
   "cell_type": "markdown",
   "metadata": {},
   "source": [
    "### Libraries"
   ]
  },
  {
   "cell_type": "code",
   "execution_count": 16,
   "metadata": {},
   "outputs": [],
   "source": [
    "import pandas as pd"
   ]
  },
  {
   "cell_type": "code",
   "execution_count": 17,
   "metadata": {},
   "outputs": [
    {
     "data": {
      "text/html": [
       "<div>\n",
       "<style scoped>\n",
       "    .dataframe tbody tr th:only-of-type {\n",
       "        vertical-align: middle;\n",
       "    }\n",
       "\n",
       "    .dataframe tbody tr th {\n",
       "        vertical-align: top;\n",
       "    }\n",
       "\n",
       "    .dataframe thead th {\n",
       "        text-align: right;\n",
       "    }\n",
       "</style>\n",
       "<table border=\"1\" class=\"dataframe\">\n",
       "  <thead>\n",
       "    <tr style=\"text-align: right;\">\n",
       "      <th></th>\n",
       "      <th>carrier</th>\n",
       "      <th>flight</th>\n",
       "      <th>tailnum</th>\n",
       "      <th>origin</th>\n",
       "      <th>dest</th>\n",
       "      <th>air_time</th>\n",
       "      <th>distance</th>\n",
       "      <th>hour</th>\n",
       "      <th>minute</th>\n",
       "      <th>temp</th>\n",
       "      <th>...</th>\n",
       "      <th>precip</th>\n",
       "      <th>pressure</th>\n",
       "      <th>visib</th>\n",
       "      <th>type</th>\n",
       "      <th>manufacturer</th>\n",
       "      <th>model</th>\n",
       "      <th>engines</th>\n",
       "      <th>seats</th>\n",
       "      <th>engine</th>\n",
       "      <th>arr_delay</th>\n",
       "    </tr>\n",
       "  </thead>\n",
       "  <tbody>\n",
       "    <tr>\n",
       "      <th>0</th>\n",
       "      <td>B6</td>\n",
       "      <td>1201</td>\n",
       "      <td>N643JB</td>\n",
       "      <td>JFK</td>\n",
       "      <td>FLL</td>\n",
       "      <td>135.0</td>\n",
       "      <td>1069</td>\n",
       "      <td>21</td>\n",
       "      <td>50</td>\n",
       "      <td>73.04</td>\n",
       "      <td>...</td>\n",
       "      <td>0.0</td>\n",
       "      <td>1019.4</td>\n",
       "      <td>10.0</td>\n",
       "      <td>Fixed wing multi engine</td>\n",
       "      <td>AIRBUS</td>\n",
       "      <td>A320-232</td>\n",
       "      <td>2.0</td>\n",
       "      <td>200.0</td>\n",
       "      <td>Turbo-fan</td>\n",
       "      <td>1.0</td>\n",
       "    </tr>\n",
       "    <tr>\n",
       "      <th>1</th>\n",
       "      <td>DL</td>\n",
       "      <td>1773</td>\n",
       "      <td>N3743H</td>\n",
       "      <td>JFK</td>\n",
       "      <td>LAS</td>\n",
       "      <td>287.0</td>\n",
       "      <td>2248</td>\n",
       "      <td>15</td>\n",
       "      <td>35</td>\n",
       "      <td>71.06</td>\n",
       "      <td>...</td>\n",
       "      <td>0.0</td>\n",
       "      <td>1020.4</td>\n",
       "      <td>10.0</td>\n",
       "      <td>Fixed wing multi engine</td>\n",
       "      <td>BOEING</td>\n",
       "      <td>737-832</td>\n",
       "      <td>2.0</td>\n",
       "      <td>189.0</td>\n",
       "      <td>Turbo-jet</td>\n",
       "      <td>0.0</td>\n",
       "    </tr>\n",
       "    <tr>\n",
       "      <th>2</th>\n",
       "      <td>EV</td>\n",
       "      <td>4572</td>\n",
       "      <td>N11107</td>\n",
       "      <td>EWR</td>\n",
       "      <td>GSP</td>\n",
       "      <td>84.0</td>\n",
       "      <td>594</td>\n",
       "      <td>15</td>\n",
       "      <td>9</td>\n",
       "      <td>78.80</td>\n",
       "      <td>...</td>\n",
       "      <td>0.0</td>\n",
       "      <td>NaN</td>\n",
       "      <td>5.0</td>\n",
       "      <td>Fixed wing multi engine</td>\n",
       "      <td>EMBRAER</td>\n",
       "      <td>EMB-145XR</td>\n",
       "      <td>2.0</td>\n",
       "      <td>55.0</td>\n",
       "      <td>Turbo-fan</td>\n",
       "      <td>1.0</td>\n",
       "    </tr>\n",
       "    <tr>\n",
       "      <th>3</th>\n",
       "      <td>B6</td>\n",
       "      <td>179</td>\n",
       "      <td>N526JB</td>\n",
       "      <td>JFK</td>\n",
       "      <td>PHX</td>\n",
       "      <td>305.0</td>\n",
       "      <td>2153</td>\n",
       "      <td>17</td>\n",
       "      <td>35</td>\n",
       "      <td>44.06</td>\n",
       "      <td>...</td>\n",
       "      <td>0.0</td>\n",
       "      <td>1009.2</td>\n",
       "      <td>10.0</td>\n",
       "      <td>NaN</td>\n",
       "      <td>NaN</td>\n",
       "      <td>NaN</td>\n",
       "      <td>NaN</td>\n",
       "      <td>NaN</td>\n",
       "      <td>NaN</td>\n",
       "      <td>1.0</td>\n",
       "    </tr>\n",
       "    <tr>\n",
       "      <th>4</th>\n",
       "      <td>US</td>\n",
       "      <td>1733</td>\n",
       "      <td>N162UW</td>\n",
       "      <td>LGA</td>\n",
       "      <td>CLT</td>\n",
       "      <td>78.0</td>\n",
       "      <td>544</td>\n",
       "      <td>7</td>\n",
       "      <td>53</td>\n",
       "      <td>69.98</td>\n",
       "      <td>...</td>\n",
       "      <td>0.0</td>\n",
       "      <td>1021.3</td>\n",
       "      <td>10.0</td>\n",
       "      <td>Fixed wing multi engine</td>\n",
       "      <td>AIRBUS INDUSTRIE</td>\n",
       "      <td>A321-211</td>\n",
       "      <td>2.0</td>\n",
       "      <td>199.0</td>\n",
       "      <td>Turbo-jet</td>\n",
       "      <td>0.0</td>\n",
       "    </tr>\n",
       "  </tbody>\n",
       "</table>\n",
       "<p>5 rows × 25 columns</p>\n",
       "</div>"
      ],
      "text/plain": [
       "  carrier  flight tailnum origin dest  air_time  distance  hour  minute  \\\n",
       "0      B6    1201  N643JB    JFK  FLL     135.0      1069    21      50   \n",
       "1      DL    1773  N3743H    JFK  LAS     287.0      2248    15      35   \n",
       "2      EV    4572  N11107    EWR  GSP      84.0       594    15       9   \n",
       "3      B6     179  N526JB    JFK  PHX     305.0      2153    17      35   \n",
       "4      US    1733  N162UW    LGA  CLT      78.0       544     7      53   \n",
       "\n",
       "    temp  ...  precip  pressure  visib                     type  \\\n",
       "0  73.04  ...     0.0    1019.4   10.0  Fixed wing multi engine   \n",
       "1  71.06  ...     0.0    1020.4   10.0  Fixed wing multi engine   \n",
       "2  78.80  ...     0.0       NaN    5.0  Fixed wing multi engine   \n",
       "3  44.06  ...     0.0    1009.2   10.0                      NaN   \n",
       "4  69.98  ...     0.0    1021.3   10.0  Fixed wing multi engine   \n",
       "\n",
       "       manufacturer      model  engines  seats     engine arr_delay  \n",
       "0            AIRBUS   A320-232      2.0  200.0  Turbo-fan       1.0  \n",
       "1            BOEING    737-832      2.0  189.0  Turbo-jet       0.0  \n",
       "2           EMBRAER  EMB-145XR      2.0   55.0  Turbo-fan       1.0  \n",
       "3               NaN        NaN      NaN    NaN        NaN       1.0  \n",
       "4  AIRBUS INDUSTRIE   A321-211      2.0  199.0  Turbo-jet       0.0  \n",
       "\n",
       "[5 rows x 25 columns]"
      ]
     },
     "execution_count": 17,
     "metadata": {},
     "output_type": "execute_result"
    }
   ],
   "source": [
    "data=pd.read_csv(\"flight-data.csv\")\n",
    "data.head()"
   ]
  },
  {
   "cell_type": "code",
   "execution_count": 18,
   "metadata": {},
   "outputs": [
    {
     "data": {
      "text/plain": [
       "Index(['carrier', 'flight', 'tailnum', 'origin', 'dest', 'air_time',\n",
       "       'distance', 'hour', 'minute', 'temp', 'dewp', 'humid', 'wind_dir',\n",
       "       'wind_speed', 'wind_gust', 'precip', 'pressure', 'visib', 'type',\n",
       "       'manufacturer', 'model', 'engines', 'seats', 'engine', 'arr_delay'],\n",
       "      dtype='object')"
      ]
     },
     "execution_count": 18,
     "metadata": {},
     "output_type": "execute_result"
    }
   ],
   "source": [
    "data.columns"
   ]
  },
  {
   "cell_type": "code",
   "execution_count": 19,
   "metadata": {},
   "outputs": [
    {
     "data": {
      "text/plain": [
       "(10000, 25)"
      ]
     },
     "execution_count": 19,
     "metadata": {},
     "output_type": "execute_result"
    }
   ],
   "source": [
    "data.shape"
   ]
  },
  {
   "cell_type": "code",
   "execution_count": 20,
   "metadata": {},
   "outputs": [
    {
     "data": {
      "text/plain": [
       "carrier            0\n",
       "flight             0\n",
       "tailnum           74\n",
       "origin             0\n",
       "dest               0\n",
       "air_time         284\n",
       "distance           0\n",
       "hour               0\n",
       "minute             0\n",
       "temp              48\n",
       "dewp              48\n",
       "humid             48\n",
       "wind_dir         269\n",
       "wind_speed        49\n",
       "wind_gust       7613\n",
       "precip            46\n",
       "pressure        1192\n",
       "visib             46\n",
       "type            1501\n",
       "manufacturer    1501\n",
       "model           1501\n",
       "engines         1501\n",
       "seats           1501\n",
       "engine          1501\n",
       "arr_delay        284\n",
       "dtype: int64"
      ]
     },
     "execution_count": 20,
     "metadata": {},
     "output_type": "execute_result"
    }
   ],
   "source": [
    "data.isna().sum()"
   ]
  },
  {
   "cell_type": "markdown",
   "metadata": {},
   "source": [
    "### Fill target variables with zero, and drop unnecessary columns"
   ]
  },
  {
   "cell_type": "code",
   "execution_count": 21,
   "metadata": {},
   "outputs": [],
   "source": [
    "data['arr_delay'] = data['arr_delay'].fillna(0)\n",
    "data.drop(columns=['manufacturer','model','tailnum','dest','carrier'],inplace=True)"
   ]
  },
  {
   "cell_type": "code",
   "execution_count": 22,
   "metadata": {},
   "outputs": [
    {
     "data": {
      "text/plain": [
       "flight          int64\n",
       "origin         object\n",
       "air_time      float64\n",
       "distance        int64\n",
       "hour            int64\n",
       "minute          int64\n",
       "temp          float64\n",
       "dewp          float64\n",
       "humid         float64\n",
       "wind_dir      float64\n",
       "wind_speed    float64\n",
       "wind_gust     float64\n",
       "precip        float64\n",
       "pressure      float64\n",
       "visib         float64\n",
       "type           object\n",
       "engines       float64\n",
       "seats         float64\n",
       "engine         object\n",
       "arr_delay     float64\n",
       "dtype: object"
      ]
     },
     "execution_count": 22,
     "metadata": {},
     "output_type": "execute_result"
    }
   ],
   "source": [
    "data.dtypes"
   ]
  },
  {
   "cell_type": "code",
   "execution_count": 23,
   "metadata": {},
   "outputs": [
    {
     "data": {
      "text/html": [
       "<div>\n",
       "<style scoped>\n",
       "    .dataframe tbody tr th:only-of-type {\n",
       "        vertical-align: middle;\n",
       "    }\n",
       "\n",
       "    .dataframe tbody tr th {\n",
       "        vertical-align: top;\n",
       "    }\n",
       "\n",
       "    .dataframe thead th {\n",
       "        text-align: right;\n",
       "    }\n",
       "</style>\n",
       "<table border=\"1\" class=\"dataframe\">\n",
       "  <thead>\n",
       "    <tr style=\"text-align: right;\">\n",
       "      <th></th>\n",
       "      <th>flight</th>\n",
       "      <th>air_time</th>\n",
       "      <th>distance</th>\n",
       "      <th>hour</th>\n",
       "      <th>minute</th>\n",
       "      <th>temp</th>\n",
       "      <th>dewp</th>\n",
       "      <th>humid</th>\n",
       "      <th>wind_dir</th>\n",
       "      <th>wind_speed</th>\n",
       "      <th>wind_gust</th>\n",
       "      <th>precip</th>\n",
       "      <th>pressure</th>\n",
       "      <th>visib</th>\n",
       "      <th>engines</th>\n",
       "      <th>seats</th>\n",
       "      <th>arr_delay</th>\n",
       "    </tr>\n",
       "  </thead>\n",
       "  <tbody>\n",
       "    <tr>\n",
       "      <th>flight</th>\n",
       "      <td>1.000000</td>\n",
       "      <td>-0.471644</td>\n",
       "      <td>-0.484302</td>\n",
       "      <td>0.035876</td>\n",
       "      <td>0.018295</td>\n",
       "      <td>0.025072</td>\n",
       "      <td>0.004985</td>\n",
       "      <td>-0.036208</td>\n",
       "      <td>0.017306</td>\n",
       "      <td>-0.016109</td>\n",
       "      <td>-0.017840</td>\n",
       "      <td>0.004539</td>\n",
       "      <td>-0.023503</td>\n",
       "      <td>0.005046</td>\n",
       "      <td>0.010518</td>\n",
       "      <td>-0.592971</td>\n",
       "      <td>0.026685</td>\n",
       "    </tr>\n",
       "    <tr>\n",
       "      <th>air_time</th>\n",
       "      <td>-0.471644</td>\n",
       "      <td>1.000000</td>\n",
       "      <td>0.990273</td>\n",
       "      <td>-0.017076</td>\n",
       "      <td>0.015971</td>\n",
       "      <td>-0.046315</td>\n",
       "      <td>-0.032361</td>\n",
       "      <td>0.021066</td>\n",
       "      <td>-0.002456</td>\n",
       "      <td>0.022935</td>\n",
       "      <td>0.014249</td>\n",
       "      <td>0.016388</td>\n",
       "      <td>0.016990</td>\n",
       "      <td>-0.016806</td>\n",
       "      <td>-0.008274</td>\n",
       "      <td>0.513537</td>\n",
       "      <td>0.012782</td>\n",
       "    </tr>\n",
       "    <tr>\n",
       "      <th>distance</th>\n",
       "      <td>-0.484302</td>\n",
       "      <td>0.990273</td>\n",
       "      <td>1.000000</td>\n",
       "      <td>-0.023075</td>\n",
       "      <td>0.020808</td>\n",
       "      <td>0.000833</td>\n",
       "      <td>0.007176</td>\n",
       "      <td>0.015995</td>\n",
       "      <td>-0.006762</td>\n",
       "      <td>0.007932</td>\n",
       "      <td>-0.006667</td>\n",
       "      <td>0.008215</td>\n",
       "      <td>0.021019</td>\n",
       "      <td>-0.000213</td>\n",
       "      <td>-0.007118</td>\n",
       "      <td>0.528710</td>\n",
       "      <td>-0.017869</td>\n",
       "    </tr>\n",
       "    <tr>\n",
       "      <th>hour</th>\n",
       "      <td>0.035876</td>\n",
       "      <td>-0.017076</td>\n",
       "      <td>-0.023075</td>\n",
       "      <td>1.000000</td>\n",
       "      <td>0.031910</td>\n",
       "      <td>0.086163</td>\n",
       "      <td>-0.006581</td>\n",
       "      <td>-0.159775</td>\n",
       "      <td>0.047870</td>\n",
       "      <td>0.113504</td>\n",
       "      <td>0.002661</td>\n",
       "      <td>0.015797</td>\n",
       "      <td>-0.070591</td>\n",
       "      <td>0.063600</td>\n",
       "      <td>0.003975</td>\n",
       "      <td>-0.049203</td>\n",
       "      <td>0.147257</td>\n",
       "    </tr>\n",
       "    <tr>\n",
       "      <th>minute</th>\n",
       "      <td>0.018295</td>\n",
       "      <td>0.015971</td>\n",
       "      <td>0.020808</td>\n",
       "      <td>0.031910</td>\n",
       "      <td>1.000000</td>\n",
       "      <td>0.049455</td>\n",
       "      <td>0.034720</td>\n",
       "      <td>-0.012439</td>\n",
       "      <td>-0.008978</td>\n",
       "      <td>0.004106</td>\n",
       "      <td>-0.046949</td>\n",
       "      <td>0.007336</td>\n",
       "      <td>-0.004568</td>\n",
       "      <td>-0.002267</td>\n",
       "      <td>0.004154</td>\n",
       "      <td>-0.013077</td>\n",
       "      <td>0.024437</td>\n",
       "    </tr>\n",
       "    <tr>\n",
       "      <th>temp</th>\n",
       "      <td>0.025072</td>\n",
       "      <td>-0.046315</td>\n",
       "      <td>0.000833</td>\n",
       "      <td>0.086163</td>\n",
       "      <td>0.049455</td>\n",
       "      <td>1.000000</td>\n",
       "      <td>0.881798</td>\n",
       "      <td>0.032784</td>\n",
       "      <td>-0.080706</td>\n",
       "      <td>-0.138345</td>\n",
       "      <td>-0.343996</td>\n",
       "      <td>0.019913</td>\n",
       "      <td>-0.245982</td>\n",
       "      <td>0.103729</td>\n",
       "      <td>0.004777</td>\n",
       "      <td>-0.038640</td>\n",
       "      <td>-0.009402</td>\n",
       "    </tr>\n",
       "    <tr>\n",
       "      <th>dewp</th>\n",
       "      <td>0.004985</td>\n",
       "      <td>-0.032361</td>\n",
       "      <td>0.007176</td>\n",
       "      <td>-0.006581</td>\n",
       "      <td>0.034720</td>\n",
       "      <td>0.881798</td>\n",
       "      <td>1.000000</td>\n",
       "      <td>0.490749</td>\n",
       "      <td>-0.222495</td>\n",
       "      <td>-0.224752</td>\n",
       "      <td>-0.297189</td>\n",
       "      <td>0.100078</td>\n",
       "      <td>-0.273348</td>\n",
       "      <td>-0.128033</td>\n",
       "      <td>-0.001035</td>\n",
       "      <td>-0.033531</td>\n",
       "      <td>0.021762</td>\n",
       "    </tr>\n",
       "    <tr>\n",
       "      <th>humid</th>\n",
       "      <td>-0.036208</td>\n",
       "      <td>0.021066</td>\n",
       "      <td>0.015995</td>\n",
       "      <td>-0.159775</td>\n",
       "      <td>-0.012439</td>\n",
       "      <td>0.032784</td>\n",
       "      <td>0.490749</td>\n",
       "      <td>1.000000</td>\n",
       "      <td>-0.326977</td>\n",
       "      <td>-0.212436</td>\n",
       "      <td>0.028879</td>\n",
       "      <td>0.215404</td>\n",
       "      <td>-0.149136</td>\n",
       "      <td>-0.550353</td>\n",
       "      <td>-0.012655</td>\n",
       "      <td>0.000242</td>\n",
       "      <td>0.079277</td>\n",
       "    </tr>\n",
       "    <tr>\n",
       "      <th>wind_dir</th>\n",
       "      <td>0.017306</td>\n",
       "      <td>-0.002456</td>\n",
       "      <td>-0.006762</td>\n",
       "      <td>0.047870</td>\n",
       "      <td>-0.008978</td>\n",
       "      <td>-0.080706</td>\n",
       "      <td>-0.222495</td>\n",
       "      <td>-0.326977</td>\n",
       "      <td>1.000000</td>\n",
       "      <td>0.354981</td>\n",
       "      <td>0.064116</td>\n",
       "      <td>-0.054682</td>\n",
       "      <td>-0.233855</td>\n",
       "      <td>0.204422</td>\n",
       "      <td>-0.004556</td>\n",
       "      <td>0.005459</td>\n",
       "      <td>-0.012405</td>\n",
       "    </tr>\n",
       "    <tr>\n",
       "      <th>wind_speed</th>\n",
       "      <td>-0.016109</td>\n",
       "      <td>0.022935</td>\n",
       "      <td>0.007932</td>\n",
       "      <td>0.113504</td>\n",
       "      <td>0.004106</td>\n",
       "      <td>-0.138345</td>\n",
       "      <td>-0.224752</td>\n",
       "      <td>-0.212436</td>\n",
       "      <td>0.354981</td>\n",
       "      <td>1.000000</td>\n",
       "      <td>0.878377</td>\n",
       "      <td>0.027081</td>\n",
       "      <td>-0.215270</td>\n",
       "      <td>0.063525</td>\n",
       "      <td>-0.005873</td>\n",
       "      <td>0.018483</td>\n",
       "      <td>0.060101</td>\n",
       "    </tr>\n",
       "    <tr>\n",
       "      <th>wind_gust</th>\n",
       "      <td>-0.017840</td>\n",
       "      <td>0.014249</td>\n",
       "      <td>-0.006667</td>\n",
       "      <td>0.002661</td>\n",
       "      <td>-0.046949</td>\n",
       "      <td>-0.343996</td>\n",
       "      <td>-0.297189</td>\n",
       "      <td>0.028879</td>\n",
       "      <td>0.064116</td>\n",
       "      <td>0.878377</td>\n",
       "      <td>1.000000</td>\n",
       "      <td>0.072905</td>\n",
       "      <td>-0.241409</td>\n",
       "      <td>-0.132301</td>\n",
       "      <td>-0.000750</td>\n",
       "      <td>0.039090</td>\n",
       "      <td>0.061336</td>\n",
       "    </tr>\n",
       "    <tr>\n",
       "      <th>precip</th>\n",
       "      <td>0.004539</td>\n",
       "      <td>0.016388</td>\n",
       "      <td>0.008215</td>\n",
       "      <td>0.015797</td>\n",
       "      <td>0.007336</td>\n",
       "      <td>0.019913</td>\n",
       "      <td>0.100078</td>\n",
       "      <td>0.215404</td>\n",
       "      <td>-0.054682</td>\n",
       "      <td>0.027081</td>\n",
       "      <td>0.072905</td>\n",
       "      <td>1.000000</td>\n",
       "      <td>-0.087419</td>\n",
       "      <td>-0.284985</td>\n",
       "      <td>-0.006343</td>\n",
       "      <td>-0.007291</td>\n",
       "      <td>0.070192</td>\n",
       "    </tr>\n",
       "    <tr>\n",
       "      <th>pressure</th>\n",
       "      <td>-0.023503</td>\n",
       "      <td>0.016990</td>\n",
       "      <td>0.021019</td>\n",
       "      <td>-0.070591</td>\n",
       "      <td>-0.004568</td>\n",
       "      <td>-0.245982</td>\n",
       "      <td>-0.273348</td>\n",
       "      <td>-0.149136</td>\n",
       "      <td>-0.233855</td>\n",
       "      <td>-0.215270</td>\n",
       "      <td>-0.241409</td>\n",
       "      <td>-0.087419</td>\n",
       "      <td>1.000000</td>\n",
       "      <td>0.107612</td>\n",
       "      <td>0.017747</td>\n",
       "      <td>0.009908</td>\n",
       "      <td>-0.085920</td>\n",
       "    </tr>\n",
       "    <tr>\n",
       "      <th>visib</th>\n",
       "      <td>0.005046</td>\n",
       "      <td>-0.016806</td>\n",
       "      <td>-0.000213</td>\n",
       "      <td>0.063600</td>\n",
       "      <td>-0.002267</td>\n",
       "      <td>0.103729</td>\n",
       "      <td>-0.128033</td>\n",
       "      <td>-0.550353</td>\n",
       "      <td>0.204422</td>\n",
       "      <td>0.063525</td>\n",
       "      <td>-0.132301</td>\n",
       "      <td>-0.284985</td>\n",
       "      <td>0.107612</td>\n",
       "      <td>1.000000</td>\n",
       "      <td>0.019633</td>\n",
       "      <td>0.010267</td>\n",
       "      <td>-0.096893</td>\n",
       "    </tr>\n",
       "    <tr>\n",
       "      <th>engines</th>\n",
       "      <td>0.010518</td>\n",
       "      <td>-0.008274</td>\n",
       "      <td>-0.007118</td>\n",
       "      <td>0.003975</td>\n",
       "      <td>0.004154</td>\n",
       "      <td>0.004777</td>\n",
       "      <td>-0.001035</td>\n",
       "      <td>-0.012655</td>\n",
       "      <td>-0.004556</td>\n",
       "      <td>-0.005873</td>\n",
       "      <td>-0.000750</td>\n",
       "      <td>-0.006343</td>\n",
       "      <td>0.017747</td>\n",
       "      <td>0.019633</td>\n",
       "      <td>1.000000</td>\n",
       "      <td>0.150117</td>\n",
       "      <td>0.002832</td>\n",
       "    </tr>\n",
       "    <tr>\n",
       "      <th>seats</th>\n",
       "      <td>-0.592971</td>\n",
       "      <td>0.513537</td>\n",
       "      <td>0.528710</td>\n",
       "      <td>-0.049203</td>\n",
       "      <td>-0.013077</td>\n",
       "      <td>-0.038640</td>\n",
       "      <td>-0.033531</td>\n",
       "      <td>0.000242</td>\n",
       "      <td>0.005459</td>\n",
       "      <td>0.018483</td>\n",
       "      <td>0.039090</td>\n",
       "      <td>-0.007291</td>\n",
       "      <td>0.009908</td>\n",
       "      <td>0.010267</td>\n",
       "      <td>0.150117</td>\n",
       "      <td>1.000000</td>\n",
       "      <td>-0.017404</td>\n",
       "    </tr>\n",
       "    <tr>\n",
       "      <th>arr_delay</th>\n",
       "      <td>0.026685</td>\n",
       "      <td>0.012782</td>\n",
       "      <td>-0.017869</td>\n",
       "      <td>0.147257</td>\n",
       "      <td>0.024437</td>\n",
       "      <td>-0.009402</td>\n",
       "      <td>0.021762</td>\n",
       "      <td>0.079277</td>\n",
       "      <td>-0.012405</td>\n",
       "      <td>0.060101</td>\n",
       "      <td>0.061336</td>\n",
       "      <td>0.070192</td>\n",
       "      <td>-0.085920</td>\n",
       "      <td>-0.096893</td>\n",
       "      <td>0.002832</td>\n",
       "      <td>-0.017404</td>\n",
       "      <td>1.000000</td>\n",
       "    </tr>\n",
       "  </tbody>\n",
       "</table>\n",
       "</div>"
      ],
      "text/plain": [
       "              flight  air_time  distance      hour    minute      temp  \\\n",
       "flight      1.000000 -0.471644 -0.484302  0.035876  0.018295  0.025072   \n",
       "air_time   -0.471644  1.000000  0.990273 -0.017076  0.015971 -0.046315   \n",
       "distance   -0.484302  0.990273  1.000000 -0.023075  0.020808  0.000833   \n",
       "hour        0.035876 -0.017076 -0.023075  1.000000  0.031910  0.086163   \n",
       "minute      0.018295  0.015971  0.020808  0.031910  1.000000  0.049455   \n",
       "temp        0.025072 -0.046315  0.000833  0.086163  0.049455  1.000000   \n",
       "dewp        0.004985 -0.032361  0.007176 -0.006581  0.034720  0.881798   \n",
       "humid      -0.036208  0.021066  0.015995 -0.159775 -0.012439  0.032784   \n",
       "wind_dir    0.017306 -0.002456 -0.006762  0.047870 -0.008978 -0.080706   \n",
       "wind_speed -0.016109  0.022935  0.007932  0.113504  0.004106 -0.138345   \n",
       "wind_gust  -0.017840  0.014249 -0.006667  0.002661 -0.046949 -0.343996   \n",
       "precip      0.004539  0.016388  0.008215  0.015797  0.007336  0.019913   \n",
       "pressure   -0.023503  0.016990  0.021019 -0.070591 -0.004568 -0.245982   \n",
       "visib       0.005046 -0.016806 -0.000213  0.063600 -0.002267  0.103729   \n",
       "engines     0.010518 -0.008274 -0.007118  0.003975  0.004154  0.004777   \n",
       "seats      -0.592971  0.513537  0.528710 -0.049203 -0.013077 -0.038640   \n",
       "arr_delay   0.026685  0.012782 -0.017869  0.147257  0.024437 -0.009402   \n",
       "\n",
       "                dewp     humid  wind_dir  wind_speed  wind_gust    precip  \\\n",
       "flight      0.004985 -0.036208  0.017306   -0.016109  -0.017840  0.004539   \n",
       "air_time   -0.032361  0.021066 -0.002456    0.022935   0.014249  0.016388   \n",
       "distance    0.007176  0.015995 -0.006762    0.007932  -0.006667  0.008215   \n",
       "hour       -0.006581 -0.159775  0.047870    0.113504   0.002661  0.015797   \n",
       "minute      0.034720 -0.012439 -0.008978    0.004106  -0.046949  0.007336   \n",
       "temp        0.881798  0.032784 -0.080706   -0.138345  -0.343996  0.019913   \n",
       "dewp        1.000000  0.490749 -0.222495   -0.224752  -0.297189  0.100078   \n",
       "humid       0.490749  1.000000 -0.326977   -0.212436   0.028879  0.215404   \n",
       "wind_dir   -0.222495 -0.326977  1.000000    0.354981   0.064116 -0.054682   \n",
       "wind_speed -0.224752 -0.212436  0.354981    1.000000   0.878377  0.027081   \n",
       "wind_gust  -0.297189  0.028879  0.064116    0.878377   1.000000  0.072905   \n",
       "precip      0.100078  0.215404 -0.054682    0.027081   0.072905  1.000000   \n",
       "pressure   -0.273348 -0.149136 -0.233855   -0.215270  -0.241409 -0.087419   \n",
       "visib      -0.128033 -0.550353  0.204422    0.063525  -0.132301 -0.284985   \n",
       "engines    -0.001035 -0.012655 -0.004556   -0.005873  -0.000750 -0.006343   \n",
       "seats      -0.033531  0.000242  0.005459    0.018483   0.039090 -0.007291   \n",
       "arr_delay   0.021762  0.079277 -0.012405    0.060101   0.061336  0.070192   \n",
       "\n",
       "            pressure     visib   engines     seats  arr_delay  \n",
       "flight     -0.023503  0.005046  0.010518 -0.592971   0.026685  \n",
       "air_time    0.016990 -0.016806 -0.008274  0.513537   0.012782  \n",
       "distance    0.021019 -0.000213 -0.007118  0.528710  -0.017869  \n",
       "hour       -0.070591  0.063600  0.003975 -0.049203   0.147257  \n",
       "minute     -0.004568 -0.002267  0.004154 -0.013077   0.024437  \n",
       "temp       -0.245982  0.103729  0.004777 -0.038640  -0.009402  \n",
       "dewp       -0.273348 -0.128033 -0.001035 -0.033531   0.021762  \n",
       "humid      -0.149136 -0.550353 -0.012655  0.000242   0.079277  \n",
       "wind_dir   -0.233855  0.204422 -0.004556  0.005459  -0.012405  \n",
       "wind_speed -0.215270  0.063525 -0.005873  0.018483   0.060101  \n",
       "wind_gust  -0.241409 -0.132301 -0.000750  0.039090   0.061336  \n",
       "precip     -0.087419 -0.284985 -0.006343 -0.007291   0.070192  \n",
       "pressure    1.000000  0.107612  0.017747  0.009908  -0.085920  \n",
       "visib       0.107612  1.000000  0.019633  0.010267  -0.096893  \n",
       "engines     0.017747  0.019633  1.000000  0.150117   0.002832  \n",
       "seats       0.009908  0.010267  0.150117  1.000000  -0.017404  \n",
       "arr_delay  -0.085920 -0.096893  0.002832 -0.017404   1.000000  "
      ]
     },
     "execution_count": 23,
     "metadata": {},
     "output_type": "execute_result"
    }
   ],
   "source": [
    "data.corr()"
   ]
  },
  {
   "cell_type": "markdown",
   "metadata": {},
   "source": [
    "#### Split data into train and test"
   ]
  },
  {
   "cell_type": "code",
   "execution_count": 24,
   "metadata": {},
   "outputs": [],
   "source": [
    "X=data.drop([\"arr_delay\"],axis=1)\n",
    "y=data[\"arr_delay\"]"
   ]
  },
  {
   "cell_type": "code",
   "execution_count": 25,
   "metadata": {},
   "outputs": [
    {
     "name": "stdout",
     "output_type": "stream",
     "text": [
      "Training examples: 7000\n",
      "Test examples: 3000\n"
     ]
    }
   ],
   "source": [
    "from sklearn.model_selection import train_test_split\n",
    "X_train, X_test, y_train, y_test = train_test_split(X, y, test_size=0.3, random_state=1)\n",
    "\n",
    "print(f'Training examples: {X_train.shape[0]}')\n",
    "print(f'Test examples: {X_test.shape[0]}')"
   ]
  },
  {
   "cell_type": "markdown",
   "metadata": {},
   "source": [
    "### Import sklearn libraries"
   ]
  },
  {
   "cell_type": "code",
   "execution_count": 26,
   "metadata": {},
   "outputs": [],
   "source": [
    "from sklearn.model_selection import cross_val_score,GridSearchCV,cross_validate\n",
    "from sklearn.linear_model import LogisticRegression\n",
    "from sklearn.tree import DecisionTreeClassifier\n",
    "from sklearn.svm import SVC\n",
    "from sklearn.pipeline import Pipeline\n",
    "import numpy as np\n",
    "from sklearn.impute import SimpleImputer\n",
    "from sklearn.compose import ColumnTransformer\n",
    "from sklearn.preprocessing import StandardScaler,OneHotEncoder"
   ]
  },
  {
   "cell_type": "markdown",
   "metadata": {},
   "source": [
    "### Create pipeline"
   ]
  },
  {
   "cell_type": "code",
   "execution_count": 27,
   "metadata": {},
   "outputs": [
    {
     "name": "stdout",
     "output_type": "stream",
     "text": [
      "ColumnTransformer(transformers=[('proc_numeric',\n",
      "                                 Pipeline(steps=[('impute_missing',\n",
      "                                                  SimpleImputer()),\n",
      "                                                 ('standardize_num',\n",
      "                                                  StandardScaler())]),\n",
      "                                 ['temp', 'dewp', 'humid', 'wind_dir',\n",
      "                                  'wind_speed', 'wind_gust', 'precip',\n",
      "                                  'pressure', 'visib', 'air_time']),\n",
      "                                ('create_dummies',\n",
      "                                 Pipeline(steps=[('impute_missing',\n",
      "                                                  SimpleImputer(strategy='most_frequent')),\n",
      "                                                 ('create_dummies',\n",
      "                                                  OneHotEncoder(handle_unknown='ignore',\n",
      "                                                                sparse=False))]),\n",
      "                                 ['engine', 'origin', 'type'])])\n"
     ]
    }
   ],
   "source": [
    "cat_vars=['engine','origin','type']\n",
    "num_vars=['temp','dewp','humid','wind_dir','wind_speed','wind_gust','precip','pressure','visib','air_time']\n",
    "\n",
    "num_pipeline = Pipeline([('impute_missing', SimpleImputer(missing_values = np.nan,strategy='mean')),\n",
    "                           ('standardize_num', StandardScaler())\n",
    "                        ])\n",
    "\n",
    "cat_pipeline = Pipeline([('impute_missing', SimpleImputer(missing_values = np.nan ,strategy='most_frequent')),\n",
    "                          ('create_dummies', OneHotEncoder(handle_unknown='ignore',sparse=False))])\n",
    "\n",
    "\n",
    "processing_pipeline = ColumnTransformer(transformers=[('proc_numeric', num_pipeline, num_vars),\n",
    "                                                      ('create_dummies', cat_pipeline, cat_vars)\n",
    "                                                     ])\n",
    "print(processing_pipeline)"
   ]
  },
  {
   "cell_type": "code",
   "execution_count": 40,
   "metadata": {},
   "outputs": [
    {
     "name": "stdout",
     "output_type": "stream",
     "text": [
      "Accuracy 60.64% [Logistic Regression]\n",
      "Accuracy 61.50% [Decision Tree]\n",
      "Accuracy 61.91% [SVM]\n"
     ]
    }
   ],
   "source": [
    "p1 = Pipeline([('processing', processing_pipeline),\n",
    "               ('LogisticRegression', LogisticRegression(penalty='l2', C=0.01, solver='lbfgs', random_state=1, max_iter=1000))])\n",
    "\n",
    "p2 = Pipeline([('processing', processing_pipeline),\n",
    "               ('DescisionTree', DecisionTreeClassifier(max_depth=2, criterion='entropy'))])\n",
    "\n",
    "p3 = Pipeline([('processing', processing_pipeline),\n",
    "               ('SVC', SVC(kernel='rbf',C=1, probability=True))])\n",
    "\n",
    "labs = ['Logistic Regression', 'Decision Tree', 'SVM']\n",
    "clfs = [p1, p2, p3]\n",
    "clfs = zip(labs, clfs)\n",
    "\n",
    "for lab, clf in clfs:\n",
    "    scores = cross_val_score(estimator=clf, X=X_train, y=y_train, cv=10, scoring='accuracy')\n",
    "    print(f'Accuracy {scores.mean():.2%} [{lab}]')"
   ]
  },
  {
   "cell_type": "code",
   "execution_count": 41,
   "metadata": {},
   "outputs": [
    {
     "name": "stdout",
     "output_type": "stream",
     "text": [
      "Accuracy 61.46% [Ensemble]\n"
     ]
    }
   ],
   "source": [
    "from sklearn.ensemble import VotingClassifier\n",
    "\n",
    "ems = [('lr', p1),('dc', p2),('svc', p3)]\n",
    "clf4 = VotingClassifier(estimators= ems, weights=None, voting='soft')\n",
    "\n",
    "scores = cross_val_score(estimator=clf4, X=X_train, y=y_train, cv=10, scoring='accuracy')\n",
    "print(f'Accuracy {scores.mean():.2%} [Ensemble]')"
   ]
  },
  {
   "cell_type": "markdown",
   "metadata": {},
   "source": [
    "### Ensemble method didn't improve the model's accuracy."
   ]
  },
  {
   "cell_type": "code",
   "execution_count": 42,
   "metadata": {},
   "outputs": [
    {
     "name": "stdout",
     "output_type": "stream",
     "text": [
      "VotingClassifier Test Accuracy: 63.10%\n"
     ]
    }
   ],
   "source": [
    "from sklearn.model_selection import GridSearchCV\n",
    "\n",
    "params = {'lr__LogisticRegression__C':[0.001, 0.1, 1, 10], \n",
    "          'dc__DescisionTree__max_depth': [1,2,3],\n",
    "          'svc__SVC__C':[0.001, 0.1, 1]\n",
    "         }\n",
    "\n",
    "vc_gs = GridSearchCV(estimator=clf4, param_grid=params, scoring='accuracy', refit=True, cv=5)\n",
    "vc_gs = vc_gs.fit(X_train, y_train)\n",
    "vc_gs_score = vc_gs.score(X_test, y_test)\n",
    "\n",
    "print(f'VotingClassifier Test Accuracy: {vc_gs_score:.2%}')"
   ]
  },
  {
   "cell_type": "code",
   "execution_count": 38,
   "metadata": {},
   "outputs": [
    {
     "name": "stdout",
     "output_type": "stream",
     "text": [
      "Tree Training Score: 61.47%\n",
      "Tree Test Score: 62.53%\n"
     ]
    }
   ],
   "source": [
    "from sklearn.metrics import accuracy_score\n",
    "\n",
    "tree = p2\n",
    "tree = tree.fit(X_train, y_train)\n",
    "tree_train_predict = tree.predict(X_train)\n",
    "tree_test_predict = tree.predict(X_test)\n",
    "\n",
    "tree_train_score = accuracy_score(y_train, tree_train_predict)\n",
    "tree_test_score = accuracy_score(y_test, tree_test_predict)\n",
    "\n",
    "print(f'Tree Training Score: {tree_train_score:.2%}')\n",
    "print(f'Tree Test Score: {tree_test_score:.2%}')"
   ]
  },
  {
   "cell_type": "code",
   "execution_count": 39,
   "metadata": {},
   "outputs": [
    {
     "name": "stdout",
     "output_type": "stream",
     "text": [
      "AdaBoost Training Score: 64.31%\n",
      "AdaBoost Test Score: 64.63%\n"
     ]
    }
   ],
   "source": [
    "from sklearn.ensemble import AdaBoostClassifier\n",
    "\n",
    "p4 = Pipeline([('processing', processing_pipeline),\n",
    "        ( 'AdaBoost',AdaBoostClassifier())])\n",
    "ada =p4\n",
    "\n",
    "ada = ada.fit(X_train, y_train)\n",
    "ada_train_predict = ada.predict(X_train)\n",
    "ada_test_predict = ada.predict(X_test)\n",
    "\n",
    "ada_train_score = accuracy_score(y_train, ada_train_predict)\n",
    "ada_test_score = accuracy_score(y_test, ada_test_predict)\n",
    "\n",
    "print(f'AdaBoost Training Score: {ada_train_score:.2%}')\n",
    "print(f'AdaBoost Test Score: {ada_test_score:.2%}')"
   ]
  },
  {
   "cell_type": "markdown",
   "metadata": {},
   "source": [
    "### By applying the boosting strategy, accuracy was increased by about 5%."
   ]
  }
 ],
 "metadata": {
  "kernelspec": {
   "display_name": "Python 3",
   "language": "python",
   "name": "python3"
  },
  "language_info": {
   "codemirror_mode": {
    "name": "ipython",
    "version": 3
   },
   "file_extension": ".py",
   "mimetype": "text/x-python",
   "name": "python",
   "nbconvert_exporter": "python",
   "pygments_lexer": "ipython3",
   "version": "3.8.5"
  }
 },
 "nbformat": 4,
 "nbformat_minor": 4
}
